S-box:
{{{24, 28, 8, 1, 2, 21, 7, 6, 29, 14, 13, 16, 26, 22, 25, 15, }, {14, 28, 1, 22, 29, 8, 10, 13, 31, 30, 5, 16, 25, 21, 9, 24, }, {26, 15, 2, 25, 31, 28, 20, 29, 12, 23, 30, 17, 3, 5, 16, 6, }, {18, 10, 13, 20, 6, 7, 12, 31, 5, 15, 28, 3, 21, 23, 16, 1, }, {18, 19, 7, 20, 26, 3, 13, 8, 11, 16, 6, 9, 21, 24, 14, 15, }, {21, 25, 0, 11, 12, 17, 26, 4, 18, 27, 23, 10, 5, 28, 24, 9, }, {30, 9, 3, 5, 24, 14, 12, 4, 23, 28, 31, 6, 29, 21, 1, 25, }, {7, 5, 28, 26, 30, 2, 24, 29, 18, 12, 15, 6, 4, 16, 3, 10, }, {26, 17, 18, 7, 10, 13, 11, 19, 22, 5, 6, 4, 3, 12, 29, 25, }, {26, 18, 1, 0, 9, 19, 12, 22, 6, 30, 3, 4, 14, 7, 29, 28, }, {16, 14, 23, 10, 7, 26, 25, 4, 8, 19, 0, 21, 12, 1, 18, 30, }, {21, 15, 25, 14, 27, 17, 31, 10, 6, 12, 7, 13, 20, 4, 24, 9, }, {29, 5, 7, 31, 19, 21, 10, 2, 25, 27, 12, 0, 8, 30, 16, 17, }, {18, 28, 9, 17, 8, 27, 14, 19, 4, 23, 5, 30, 31, 1, 26, 12, }, {15, 28, 10, 18, 30, 21, 16, 26, 2, 25, 29, 11, 6, 23, 3, 24, }, {20, 14, 10, 8, 25, 15, 6, 16, 23, 24, 18, 5, 9, 17, 19, 27, }, }, 
{{2, 19, 24, 21, 23, 8, 11, 22, 1, 29, 17, 10, 14, 9, 18, 27, }, {5, 12, 20, 23, 30, 8, 13, 22, 15, 28, 1, 31, 19, 24, 29, 7, }, {11, 5, 22, 31, 1, 20, 4, 30, 3, 25, 8, 6, 26, 24, 18, 12, }, {24, 6, 16, 28, 11, 27, 18, 14, 30, 23, 12, 5, 19, 26, 13, 21, }, {9, 5, 4, 21, 6, 12, 1, 27, 11, 16, 15, 28, 23, 18, 26, 25, }, {19, 28, 15, 24, 30, 25, 3, 29, 8, 23, 13, 12, 4, 7, 18, 26, }, {23, 6, 12, 30, 11, 14, 15, 18, 27, 5, 25, 2, 19, 26, 28, 4, }, {12, 16, 15, 29, 25, 6, 21, 27, 23, 14, 9, 26, 18, 0, 3, 17, }, {6, 13, 15, 10, 3, 5, 1, 22, 2, 26, 27, 14, 18, 31, 21, 17, }, {11, 9, 19, 6, 30, 22, 15, 23, 5, 25, 3, 8, 0, 28, 4, 31, }, {16, 1, 3, 26, 25, 22, 2, 20, 18, 27, 8, 14, 11, 13, 28, 31, }, {12, 29, 16, 25, 2, 4, 19, 30, 18, 15, 14, 17, 13, 3, 27, 8, }, {0, 14, 11, 31, 18, 20, 26, 24, 7, 1, 27, 28, 10, 30, 19, 13, }, {12, 11, 3, 7, 24, 27, 28, 5, 29, 14, 15, 23, 30, 13, 31, 2, }, {7, 5, 15, 6, 22, 4, 9, 27, 30, 21, 16, 17, 14, 24, 11, 23, }, {26, 5, 15, 28, 9, 14, 13, 20, 10, 18, 29, 22, 16, 3, 25, 6, }, }, 
{{19, 13, 14, 22, 17, 10, 25, 29, 11, 7, 5, 4, 16, 9, 28, 12, }, {31, 19, 23, 3, 15, 27, 7, 24, 21, 5, 17, 30, 22, 9, 1, 29, }, {28, 20, 12, 26, 18, 27, 10, 5, 3, 30, 11, 24, 16, 15, 2, 7, }, {25, 16, 29, 4, 13, 19, 24, 20, 8, 14, 28, 7, 3, 1, 11, 2, }, {28, 26, 20, 0, 8, 7, 16, 5, 27, 15, 4, 19, 29, 2, 11, 24, }, {24, 26, 4, 18, 25, 1, 15, 19, 8, 14, 6, 12, 21, 22, 27, 3, }, {23, 4, 18, 0, 29, 2, 28, 6, 14, 16, 26, 12, 9, 20, 15, 22, }, {4, 5, 22, 3, 29, 28, 14, 17, 12, 18, 31, 16, 10, 20, 30, 27, }, {9, 31, 23, 14, 16, 18, 5, 4, 10, 24, 22, 25, 21, 6, 13, 8, }, {5, 31, 4, 3, 12, 17, 23, 15, 6, 13, 30, 25, 20, 28, 18, 29, }, {2, 25, 8, 9, 14, 30, 12, 27, 0, 13, 6, 16, 15, 23, 17, 3, }, {7, 0, 29, 14, 6, 13, 8, 2, 15, 24, 19, 1, 27, 4, 30, 31, }, {31, 3, 5, 16, 8, 24, 28, 6, 25, 14, 0, 15, 30, 1, 13, 20, }, {26, 17, 20, 29, 12, 25, 5, 15, 2, 0, 11, 27, 30, 1, 8, 19, }, {31, 27, 13, 17, 30, 4, 16, 0, 19, 23, 10, 3, 26, 5, 18, 28, }, {19, 2, 29, 4, 1, 7, 30, 6, 31, 18, 9, 10, 23, 14, 15, 25, }, }, 
{{29, 27, 26, 28, 7, 23, 2, 12, 25, 16, 17, 0, 24, 31, 13, 22, }, {20, 6, 3, 0, 27, 24, 13, 8, 30, 10, 2, 21, 17, 18, 23, 31, }, {30, 6, 0, 28, 1, 16, 4, 2, 17, 14, 5, 15, 10, 11, 29, 27, }, {18, 0, 14, 12, 5, 22, 25, 20, 31, 15, 7, 19, 28, 23, 3, 24, }, {1, 22, 18, 20, 28, 10, 17, 3, 24, 13, 8, 12, 30, 15, 14, 19, }, {23, 1, 30, 9, 7, 25, 20, 17, 18, 10, 24, 26, 12, 31, 19, 15, }, {13, 8, 4, 18, 15, 26, 25, 3, 19, 2, 12, 1, 14, 23, 24, 16, }, {9, 29, 16, 3, 4, 13, 30, 27, 26, 31, 23, 17, 22, 12, 10, 2, }, {25, 0, 30, 10, 22, 4, 19, 1, 12, 3, 24, 27, 5, 11, 21, 17, }, {21, 19, 29, 27, 20, 9, 7, 12, 5, 30, 10, 28, 18, 31, 23, 26, }, {3, 30, 23, 26, 15, 11, 28, 6, 24, 10, 27, 9, 22, 31, 29, 2, }, {26, 30, 20, 3, 19, 5, 27, 29, 2, 24, 23, 10, 0, 21, 9, 18, }, {13, 5, 12, 18, 30, 11, 10, 4, 19, 6, 23, 9, 17, 16, 25, 29, }, {11, 29, 7, 14, 23, 24, 15, 28, 17, 0, 22, 9, 18, 8, 13, 20, }, {0, 3, 7, 18, 15, 9, 11, 20, 5, 26, 14, 1, 8, 21, 17, 28, }, {23, 8, 10, 15, 20, 14, 4, 28, 13, 30, 2, 6, 29, 19, 25, 24, }, }, 
}

P-box: 
{{2, 6, 1, 4, 9, 15, 7, 5, 8, 14, 0, 12, 10, 11, 13, 3, }, 
{9, 15, 3, 12, 2, 5, 14, 4, 0, 8, 7, 1, 13, 6, 10, 11, }, 
{6, 11, 13, 2, 7, 9, 15, 0, 8, 10, 4, 12, 3, 1, 5, 14, }, 
{11, 14, 2, 13, 8, 10, 6, 1, 5, 12, 15, 3, 4, 9, 7, 0, }, 
}