S-box:
{{{5, 19, 1, 3, 7, 20, 14, 4, 18, 16, 15, 21, 26, 27, 28, 11, }, {7, 11, 12, 21, 15, 28, 8, 17, 9, 13, 1, 29, 19, 27, 23, 2, }, {16, 6, 2, 26, 4, 23, 0, 8, 25, 7, 15, 31, 28, 21, 19, 17, }, {25, 31, 17, 4, 13, 10, 8, 22, 30, 6, 18, 20, 23, 21, 24, 9, }, {23, 30, 13, 3, 12, 2, 16, 11, 28, 22, 6, 10, 15, 20, 29, 19, }, {30, 21, 4, 20, 11, 17, 28, 25, 15, 12, 31, 0, 5, 7, 24, 14, }, {28, 19, 27, 10, 23, 16, 2, 13, 12, 5, 29, 21, 3, 31, 26, 1, }, {31, 6, 10, 0, 22, 4, 27, 15, 21, 5, 24, 17, 1, 12, 30, 9, }, {28, 0, 25, 15, 14, 26, 7, 2, 10, 22, 5, 17, 4, 21, 9, 31, }, {7, 29, 24, 12, 31, 20, 3, 28, 27, 0, 1, 23, 4, 10, 13, 15, }, {20, 23, 12, 7, 15, 26, 10, 4, 25, 8, 29, 2, 6, 18, 17, 19, }, {18, 15, 14, 22, 19, 24, 1, 31, 11, 27, 25, 29, 10, 23, 8, 7, }, {11, 2, 22, 31, 0, 12, 26, 7, 8, 25, 9, 29, 5, 30, 4, 28, }, {3, 21, 24, 5, 27, 23, 9, 26, 6, 18, 17, 7, 14, 8, 30, 10, }, {10, 12, 15, 31, 20, 3, 14, 30, 4, 22, 7, 25, 1, 6, 8, 17, }, {28, 8, 11, 20, 9, 16, 1, 25, 29, 26, 30, 10, 2, 6, 3, 15, }, }, 
{{10, 24, 28, 1, 5, 25, 0, 8, 23, 9, 15, 2, 26, 3, 16, 22, }, {8, 3, 0, 4, 19, 7, 17, 10, 5, 24, 25, 16, 2, 31, 12, 20, }, {28, 11, 19, 26, 27, 24, 8, 20, 12, 9, 31, 18, 3, 1, 29, 13, }, {15, 11, 23, 28, 2, 8, 19, 0, 12, 20, 7, 16, 17, 24, 18, 14, }, {31, 16, 2, 20, 6, 26, 25, 29, 17, 4, 15, 18, 21, 11, 14, 27, }, {22, 24, 21, 12, 28, 29, 15, 16, 19, 5, 26, 18, 10, 3, 6, 1, }, {24, 21, 22, 25, 5, 10, 23, 14, 13, 2, 17, 31, 3, 6, 20, 4, }, {8, 1, 10, 7, 17, 13, 18, 5, 27, 6, 9, 23, 22, 15, 4, 16, }, {12, 22, 13, 31, 1, 7, 3, 30, 19, 15, 4, 6, 24, 8, 27, 20, }, {25, 4, 24, 27, 31, 8, 6, 5, 16, 17, 26, 30, 0, 29, 28, 21, }, {31, 21, 15, 11, 5, 23, 24, 20, 22, 16, 27, 14, 25, 10, 29, 7, }, {6, 31, 2, 16, 3, 17, 1, 21, 22, 15, 29, 10, 24, 11, 9, 20, }, {20, 8, 28, 1, 24, 2, 17, 26, 3, 23, 21, 18, 30, 15, 16, 29, }, {4, 10, 17, 22, 27, 31, 28, 26, 0, 23, 8, 2, 16, 18, 13, 5, }, {30, 7, 22, 28, 3, 12, 23, 1, 11, 17, 19, 8, 14, 2, 26, 0, }, {8, 15, 22, 26, 2, 19, 5, 31, 10, 20, 27, 6, 16, 21, 11, 23, }, }, 
{{20, 19, 9, 30, 0, 8, 17, 6, 26, 4, 10, 16, 22, 28, 31, 14, }, {26, 4, 12, 6, 25, 15, 0, 8, 17, 13, 7, 31, 9, 18, 5, 24, }, {12, 7, 28, 24, 13, 16, 19, 9, 31, 27, 21, 17, 18, 14, 10, 29, }, {5, 24, 23, 12, 1, 21, 14, 27, 9, 26, 28, 17, 2, 20, 3, 16, }, {16, 31, 28, 3, 2, 23, 11, 10, 26, 6, 29, 5, 19, 20, 8, 18, }, {24, 15, 12, 29, 3, 25, 13, 18, 26, 31, 22, 0, 6, 2, 20, 28, }, {8, 21, 17, 6, 25, 15, 24, 27, 28, 3, 16, 18, 31, 29, 12, 10, }, {26, 18, 19, 29, 10, 7, 27, 24, 25, 14, 31, 5, 9, 11, 0, 3, }, {20, 13, 1, 27, 0, 14, 6, 29, 11, 22, 18, 16, 25, 3, 10, 30, }, {0, 3, 12, 2, 26, 27, 7, 17, 25, 31, 21, 1, 13, 29, 28, 5, }, {25, 18, 13, 19, 24, 29, 27, 31, 3, 21, 12, 20, 5, 4, 16, 17, }, {28, 29, 21, 7, 10, 8, 26, 9, 4, 31, 25, 12, 16, 14, 20, 1, }, {7, 19, 21, 29, 14, 5, 27, 1, 31, 3, 30, 25, 23, 28, 0, 15, }, {5, 12, 18, 4, 6, 21, 28, 14, 26, 0, 27, 15, 30, 3, 16, 22, }, {11, 7, 24, 26, 14, 15, 9, 2, 30, 16, 20, 25, 31, 29, 8, 10, }, {1, 6, 21, 14, 22, 26, 11, 31, 9, 5, 18, 0, 16, 28, 12, 3, }, }, 
{{22, 29, 14, 25, 31, 8, 7, 10, 1, 3, 13, 17, 5, 30, 16, 4, }, {1, 9, 11, 28, 19, 31, 12, 21, 5, 10, 20, 17, 25, 3, 7, 29, }, {17, 27, 6, 18, 31, 16, 22, 2, 15, 29, 12, 10, 7, 1, 20, 4, }, {5, 19, 13, 3, 24, 0, 27, 9, 21, 29, 20, 11, 7, 30, 15, 25, }, {12, 30, 13, 2, 18, 17, 29, 31, 0, 14, 27, 5, 10, 15, 4, 11, }, {7, 28, 18, 10, 16, 30, 24, 19, 0, 27, 14, 25, 29, 2, 8, 6, }, {30, 13, 22, 28, 25, 19, 14, 10, 9, 16, 18, 23, 24, 12, 0, 8, }, {26, 27, 3, 11, 5, 16, 13, 10, 0, 9, 1, 25, 24, 7, 2, 4, }, {5, 9, 3, 0, 24, 8, 28, 11, 1, 25, 12, 30, 29, 7, 20, 10, }, {25, 30, 11, 4, 12, 13, 31, 22, 10, 15, 24, 5, 20, 3, 26, 2, }, {27, 25, 26, 7, 15, 20, 21, 1, 5, 30, 10, 23, 31, 4, 24, 6, }, {16, 9, 24, 26, 0, 2, 28, 19, 11, 29, 27, 6, 12, 5, 8, 21, }, {2, 5, 15, 31, 20, 21, 3, 1, 13, 19, 9, 10, 17, 28, 30, 24, }, {10, 31, 20, 23, 15, 13, 12, 9, 14, 30, 22, 28, 18, 8, 2, 26, }, {27, 10, 4, 25, 12, 6, 28, 5, 1, 14, 2, 15, 21, 9, 8, 17, }, {15, 21, 26, 23, 7, 11, 27, 30, 31, 16, 4, 28, 20, 1, 3, 2, }, }, 
}

P-box: 
{{11, 0, 6, 12, 7, 13, 1, 15, 2, 8, 5, 9, 14, 3, 10, 4, }, 
{14, 11, 2, 1, 5, 10, 12, 15, 6, 13, 4, 9, 8, 7, 3, 0, }, 
{4, 6, 7, 11, 2, 1, 10, 15, 9, 14, 0, 12, 8, 5, 3, 13, }, 
{14, 10, 12, 1, 4, 7, 3, 6, 13, 2, 5, 15, 8, 9, 11, 0, }, 
}