S-box:
{{{16, 6, 8, 5, 1, 27, 11, 19, 12, 14, 18, 15, 22, 31, 23, 2, }, {19, 25, 10, 21, 16, 11, 17, 23, 3, 14, 5, 7, 6, 22, 15, 8, }, {31, 1, 7, 3, 0, 19, 30, 8, 15, 28, 27, 18, 17, 14, 5, 23, }, {8, 9, 12, 0, 14, 5, 29, 6, 31, 25, 4, 28, 27, 10, 3, 26, }, {17, 16, 27, 9, 23, 5, 12, 22, 8, 31, 11, 13, 30, 4, 18, 7, }, {8, 25, 28, 11, 12, 5, 20, 0, 17, 14, 6, 23, 21, 15, 29, 27, }, {8, 5, 29, 17, 23, 0, 20, 24, 2, 21, 13, 15, 31, 14, 9, 10, }, {8, 26, 1, 11, 5, 0, 28, 25, 20, 27, 23, 22, 17, 30, 19, 3, }, {15, 5, 26, 17, 11, 24, 8, 14, 31, 21, 28, 6, 4, 12, 19, 20, }, {31, 18, 0, 14, 8, 4, 19, 21, 23, 22, 7, 9, 25, 2, 5, 15, }, {23, 5, 22, 9, 0, 6, 1, 19, 18, 31, 30, 8, 24, 4, 3, 17, }, {4, 12, 5, 15, 6, 11, 28, 20, 27, 21, 2, 10, 30, 25, 13, 17, }, {0, 26, 11, 24, 6, 22, 18, 12, 20, 17, 30, 28, 8, 25, 5, 31, }, {14, 7, 26, 0, 25, 10, 19, 22, 2, 3, 28, 20, 11, 12, 18, 21, }, {3, 13, 28, 24, 29, 15, 7, 8, 5, 14, 21, 4, 30, 22, 18, 20, }, {9, 3, 20, 1, 7, 23, 17, 4, 29, 13, 5, 31, 15, 18, 16, 21, }, }, 
{{15, 8, 2, 21, 7, 4, 9, 11, 5, 28, 19, 24, 22, 17, 1, 31, }, {4, 13, 31, 22, 15, 0, 19, 18, 23, 8, 1, 16, 29, 14, 21, 3, }, {22, 12, 28, 23, 4, 7, 17, 29, 0, 19, 21, 3, 1, 14, 31, 6, }, {25, 5, 15, 2, 18, 12, 0, 11, 27, 16, 28, 4, 22, 19, 3, 24, }, {16, 9, 21, 6, 5, 19, 1, 28, 15, 29, 12, 3, 24, 7, 4, 25, }, {7, 10, 28, 30, 18, 26, 17, 15, 1, 31, 2, 19, 8, 24, 16, 11, }, {7, 10, 22, 14, 1, 4, 13, 3, 20, 23, 9, 28, 12, 25, 5, 17, }, {9, 26, 11, 7, 13, 4, 31, 2, 5, 23, 22, 19, 28, 30, 0, 24, }, {14, 18, 17, 25, 27, 0, 15, 3, 29, 7, 19, 10, 23, 5, 9, 1, }, {24, 16, 0, 22, 21, 5, 13, 25, 29, 11, 7, 9, 19, 10, 6, 28, }, {12, 8, 15, 9, 18, 21, 25, 4, 1, 24, 26, 6, 11, 0, 5, 29, }, {1, 30, 27, 20, 16, 4, 15, 28, 5, 8, 7, 23, 2, 6, 25, 9, }, {11, 15, 30, 28, 5, 17, 24, 3, 25, 31, 14, 29, 20, 18, 6, 7, }, {31, 2, 3, 12, 5, 19, 24, 26, 21, 27, 30, 16, 7, 1, 29, 8, }, {13, 18, 9, 31, 3, 29, 1, 30, 2, 16, 27, 5, 21, 17, 7, 4, }, {31, 18, 27, 15, 21, 7, 11, 0, 6, 19, 24, 23, 5, 14, 3, 8, }, }, 
{{31, 19, 20, 29, 23, 21, 15, 11, 2, 7, 4, 8, 14, 18, 25, 1, }, {1, 26, 15, 30, 8, 27, 13, 4, 23, 31, 9, 2, 0, 22, 5, 28, }, {22, 18, 2, 6, 30, 31, 23, 27, 5, 19, 17, 24, 20, 12, 28, 16, }, {13, 17, 22, 11, 8, 0, 19, 9, 18, 29, 4, 26, 15, 30, 10, 21, }, {0, 9, 8, 3, 10, 14, 26, 1, 16, 31, 15, 4, 18, 19, 23, 11, }, {12, 29, 19, 26, 16, 21, 13, 14, 8, 18, 11, 27, 1, 15, 3, 20, }, {14, 7, 29, 28, 1, 2, 27, 26, 19, 18, 24, 23, 5, 4, 17, 15, }, {10, 11, 2, 16, 26, 8, 30, 25, 31, 1, 0, 7, 6, 4, 19, 3, }, {8, 19, 5, 29, 17, 24, 18, 23, 9, 0, 13, 4, 26, 14, 10, 20, }, {6, 5, 17, 25, 26, 27, 10, 18, 20, 30, 13, 3, 1, 23, 15, 11, }, {16, 9, 28, 2, 0, 27, 6, 3, 1, 7, 22, 20, 15, 30, 18, 19, }, {11, 1, 31, 0, 2, 25, 14, 16, 22, 18, 19, 15, 26, 24, 12, 9, }, {24, 2, 19, 26, 11, 23, 27, 15, 5, 28, 31, 10, 0, 3, 9, 22, }, {16, 11, 9, 19, 4, 23, 30, 14, 21, 20, 12, 26, 31, 2, 10, 6, }, {19, 21, 2, 10, 13, 24, 12, 6, 4, 31, 27, 14, 8, 18, 1, 16, }, {14, 13, 23, 18, 17, 5, 2, 22, 24, 25, 0, 10, 27, 1, 11, 29, }, }, 
{{16, 4, 29, 8, 23, 13, 11, 21, 15, 20, 22, 28, 3, 5, 17, 12, }, {6, 19, 24, 2, 21, 11, 18, 5, 26, 31, 0, 9, 27, 23, 16, 28, }, {21, 9, 30, 17, 18, 24, 7, 28, 20, 11, 22, 8, 5, 14, 31, 10, }, {1, 0, 25, 27, 24, 16, 30, 22, 7, 5, 2, 13, 3, 20, 10, 4, }, {5, 30, 1, 25, 0, 23, 9, 19, 17, 29, 16, 4, 21, 26, 28, 18, }, {29, 24, 27, 0, 23, 15, 9, 26, 8, 22, 11, 7, 17, 4, 19, 13, }, {14, 15, 20, 10, 31, 24, 29, 4, 8, 1, 13, 3, 18, 25, 5, 26, }, {20, 24, 19, 2, 26, 30, 29, 4, 9, 12, 15, 0, 25, 10, 17, 8, }, {29, 6, 1, 14, 16, 2, 3, 22, 24, 7, 20, 0, 28, 4, 30, 9, }, {19, 6, 29, 21, 24, 4, 7, 23, 22, 27, 12, 26, 3, 8, 17, 28, }, {0, 4, 26, 11, 1, 3, 20, 7, 12, 21, 28, 17, 2, 29, 6, 19, }, {30, 3, 29, 9, 12, 8, 10, 15, 31, 25, 23, 13, 4, 0, 18, 16, }, {21, 8, 24, 2, 9, 3, 14, 4, 17, 31, 22, 30, 10, 1, 19, 27, }, {1, 9, 6, 0, 25, 26, 29, 20, 23, 4, 17, 18, 12, 14, 16, 19, }, {10, 25, 18, 9, 12, 2, 26, 7, 20, 0, 31, 17, 24, 23, 19, 15, }, {30, 6, 10, 29, 18, 16, 20, 3, 9, 27, 22, 7, 17, 14, 25, 31, }, }, 
}

P-box: 
{{12, 1, 6, 5, 4, 14, 0, 3, 2, 15, 8, 9, 7, 11, 13, 10, }, 
{0, 8, 9, 4, 3, 6, 14, 7, 11, 5, 15, 1, 12, 13, 10, 2, }, 
{4, 13, 12, 1, 9, 5, 0, 11, 10, 6, 7, 3, 2, 14, 15, 8, }, 
{1, 8, 12, 7, 15, 11, 5, 0, 9, 10, 2, 4, 3, 13, 6, 14, }, 
}