S-box:
{{{13, 11, 26, 3, 21, 14, 19, 17, 20, 9, 23, 25, 16, 1, 10, 30, }, {16, 17, 8, 3, 26, 18, 14, 29, 13, 7, 30, 22, 6, 9, 0, 15, }, {19, 14, 15, 20, 17, 30, 12, 4, 0, 22, 26, 18, 6, 24, 25, 13, }, {26, 0, 29, 3, 2, 25, 12, 19, 5, 23, 21, 11, 24, 31, 13, 22, }, {8, 12, 5, 6, 30, 18, 3, 1, 31, 24, 29, 21, 14, 0, 15, 11, }, {12, 1, 3, 9, 30, 28, 24, 20, 21, 31, 16, 2, 14, 17, 19, 25, }, {6, 16, 20, 29, 18, 23, 19, 27, 15, 17, 26, 14, 1, 7, 9, 3, }, {3, 18, 5, 4, 0, 30, 1, 8, 12, 16, 2, 17, 6, 29, 25, 27, }, {17, 4, 31, 8, 24, 10, 1, 27, 23, 13, 14, 6, 20, 18, 28, 29, }, {21, 11, 18, 27, 1, 10, 7, 2, 23, 19, 26, 25, 12, 5, 16, 4, }, {6, 15, 8, 14, 29, 3, 16, 5, 23, 27, 13, 26, 30, 22, 7, 24, }, {3, 8, 26, 12, 10, 22, 4, 17, 18, 9, 31, 20, 11, 21, 1, 28, }, {3, 28, 16, 17, 6, 8, 24, 5, 27, 7, 10, 22, 26, 20, 0, 18, }, {23, 21, 26, 17, 4, 2, 16, 27, 15, 18, 0, 24, 28, 10, 25, 6, }, {30, 17, 24, 4, 23, 29, 11, 3, 9, 2, 19, 10, 22, 26, 31, 28, }, {26, 5, 6, 17, 16, 28, 10, 25, 19, 8, 7, 13, 18, 30, 15, 24, }, }, 
{{24, 29, 31, 23, 8, 22, 20, 2, 28, 13, 0, 1, 7, 27, 14, 19, }, {11, 17, 7, 18, 29, 0, 15, 31, 26, 13, 28, 30, 1, 3, 12, 5, }, {23, 18, 11, 22, 15, 29, 9, 17, 30, 6, 28, 19, 27, 1, 24, 10, }, {10, 7, 2, 24, 17, 5, 25, 14, 29, 15, 28, 9, 16, 1, 0, 18, }, {1, 7, 4, 26, 14, 6, 18, 22, 25, 24, 0, 5, 31, 11, 30, 19, }, {23, 5, 16, 13, 29, 2, 25, 28, 7, 31, 8, 6, 18, 30, 3, 11, }, {15, 21, 12, 29, 18, 9, 26, 23, 25, 22, 8, 19, 16, 24, 27, 4, }, {28, 29, 23, 10, 14, 24, 21, 2, 0, 7, 4, 17, 25, 19, 30, 6, }, {7, 31, 18, 6, 26, 15, 5, 19, 1, 24, 10, 9, 20, 30, 4, 29, }, {13, 3, 20, 11, 5, 2, 21, 25, 26, 0, 30, 16, 27, 9, 8, 18, }, {2, 8, 16, 10, 9, 0, 13, 28, 15, 24, 3, 20, 1, 5, 26, 30, }, {12, 7, 2, 11, 5, 0, 23, 21, 9, 4, 18, 30, 24, 10, 3, 27, }, {3, 8, 30, 27, 5, 14, 28, 16, 0, 21, 7, 10, 23, 20, 26, 19, }, {14, 27, 29, 25, 10, 23, 1, 21, 2, 18, 0, 11, 31, 19, 30, 24, }, {9, 31, 5, 14, 20, 21, 28, 22, 15, 26, 8, 18, 7, 30, 13, 29, }, {21, 12, 22, 3, 19, 20, 2, 27, 28, 17, 31, 5, 25, 13, 6, 29, }, }, 
{{5, 25, 8, 7, 22, 10, 12, 0, 24, 18, 27, 2, 13, 9, 6, 30, }, {5, 16, 31, 24, 10, 20, 7, 27, 15, 19, 25, 12, 13, 30, 9, 6, }, {18, 21, 2, 31, 24, 1, 30, 12, 14, 4, 29, 11, 6, 27, 26, 16, }, {16, 9, 23, 0, 5, 14, 22, 29, 2, 1, 17, 31, 26, 30, 13, 25, }, {25, 15, 2, 16, 12, 21, 3, 9, 1, 14, 11, 20, 13, 17, 19, 6, }, {29, 7, 16, 20, 23, 15, 9, 22, 1, 24, 17, 13, 14, 3, 18, 30, }, {3, 29, 12, 15, 28, 2, 0, 23, 20, 27, 22, 24, 26, 18, 31, 1, }, {31, 10, 11, 24, 8, 22, 27, 23, 16, 7, 21, 9, 12, 3, 5, 28, }, {17, 22, 8, 11, 23, 12, 10, 16, 14, 13, 2, 6, 24, 0, 20, 4, }, {0, 14, 1, 26, 5, 2, 29, 24, 15, 8, 17, 11, 18, 12, 22, 10, }, {30, 14, 8, 25, 22, 18, 16, 3, 6, 2, 29, 12, 19, 15, 21, 10, }, {20, 11, 7, 3, 24, 2, 27, 0, 1, 21, 22, 5, 30, 9, 31, 17, }, {17, 26, 20, 9, 24, 1, 16, 13, 30, 3, 2, 21, 22, 4, 5, 6, }, {24, 8, 25, 3, 15, 28, 21, 30, 26, 13, 10, 18, 14, 11, 20, 1, }, {1, 13, 22, 9, 23, 4, 20, 25, 16, 19, 14, 8, 0, 10, 3, 5, }, {7, 24, 27, 22, 20, 18, 8, 28, 2, 9, 4, 16, 17, 30, 14, 3, }, }, 
{{21, 2, 1, 23, 27, 9, 12, 15, 8, 7, 16, 26, 20, 11, 4, 5, }, {22, 30, 4, 15, 28, 19, 9, 3, 12, 1, 29, 10, 25, 24, 27, 13, }, {10, 14, 16, 12, 0, 27, 29, 3, 18, 23, 17, 19, 1, 26, 2, 4, }, {29, 14, 27, 15, 18, 5, 31, 16, 26, 2, 30, 13, 1, 6, 24, 20, }, {22, 26, 1, 31, 25, 8, 21, 29, 17, 28, 9, 3, 24, 2, 12, 5, }, {5, 21, 28, 0, 31, 14, 2, 7, 4, 8, 22, 23, 9, 17, 1, 24, }, {14, 12, 28, 15, 1, 26, 9, 27, 31, 21, 25, 30, 23, 7, 18, 6, }, {29, 19, 7, 5, 14, 20, 0, 28, 30, 25, 26, 4, 8, 1, 15, 18, }, {5, 0, 16, 19, 15, 18, 30, 31, 25, 29, 14, 4, 27, 11, 6, 21, }, {18, 24, 27, 8, 3, 16, 0, 30, 4, 22, 28, 10, 25, 15, 26, 29, }, {21, 29, 12, 16, 0, 14, 2, 1, 9, 28, 5, 23, 10, 17, 31, 4, }, {22, 18, 0, 11, 13, 27, 19, 21, 26, 14, 17, 8, 12, 16, 29, 23, }, {0, 1, 8, 20, 2, 14, 18, 29, 26, 13, 11, 16, 19, 28, 25, 15, }, {16, 23, 29, 2, 18, 19, 22, 20, 7, 30, 17, 28, 24, 25, 14, 0, }, {3, 8, 12, 20, 30, 1, 6, 19, 31, 5, 13, 27, 25, 2, 10, 17, }, {11, 19, 29, 2, 16, 0, 22, 23, 31, 20, 25, 10, 9, 21, 24, 15, }, }, 
}

P-box: 
{{4, 12, 7, 14, 13, 9, 2, 15, 10, 6, 3, 5, 1, 11, 8, 0, }, 
{13, 5, 15, 14, 10, 8, 6, 3, 2, 4, 9, 12, 0, 7, 11, 1, }, 
{5, 6, 8, 9, 2, 4, 11, 10, 13, 0, 1, 14, 15, 7, 3, 12, }, 
{3, 8, 0, 13, 11, 1, 14, 6, 2, 15, 4, 12, 9, 7, 10, 5, }, 
}