S-box:
{{{8, 3, 20, 12, 0, 29, 30, 19, 27, 7, 6, 16, 1, 23, 31, 28, }, {31, 2, 0, 26, 4, 1, 30, 5, 9, 16, 3, 12, 18, 10, 15, 14, }, {22, 3, 17, 13, 1, 2, 30, 6, 11, 10, 12, 23, 19, 5, 20, 18, }, {3, 13, 31, 25, 20, 6, 28, 10, 5, 4, 7, 2, 1, 19, 27, 9, }, {6, 2, 0, 26, 22, 14, 5, 16, 21, 12, 10, 31, 17, 8, 20, 28, }, {0, 12, 2, 16, 11, 15, 7, 13, 26, 6, 30, 14, 22, 31, 9, 21, }, {8, 4, 5, 2, 16, 26, 31, 19, 6, 20, 29, 7, 22, 23, 14, 9, }, {25, 11, 13, 9, 16, 7, 5, 18, 15, 21, 31, 10, 19, 26, 24, 4, }, {8, 22, 9, 23, 20, 17, 2, 14, 1, 6, 15, 3, 30, 21, 18, 31, }, {13, 2, 1, 7, 16, 29, 12, 6, 26, 24, 4, 23, 30, 17, 3, 31, }, {25, 13, 15, 24, 21, 19, 28, 20, 12, 26, 23, 27, 6, 16, 2, 7, }, {20, 4, 30, 23, 9, 14, 31, 11, 21, 16, 6, 15, 1, 0, 12, 29, }, {13, 21, 22, 1, 26, 3, 30, 4, 28, 23, 15, 29, 18, 10, 11, 20, }, {28, 19, 10, 15, 27, 22, 0, 14, 3, 25, 30, 12, 20, 1, 29, 8, }, {6, 25, 26, 3, 15, 13, 21, 10, 11, 30, 16, 5, 7, 12, 29, 2, }, {22, 26, 6, 29, 30, 3, 20, 27, 1, 11, 13, 23, 16, 18, 19, 0, }, }, 
{{17, 31, 10, 5, 0, 20, 9, 18, 3, 25, 13, 14, 28, 29, 1, 4, }, {24, 23, 5, 29, 1, 8, 2, 31, 10, 30, 21, 16, 12, 20, 4, 9, }, {8, 3, 23, 7, 31, 21, 17, 12, 0, 14, 4, 19, 15, 26, 9, 28, }, {12, 20, 23, 29, 11, 13, 15, 28, 0, 10, 8, 18, 7, 9, 24, 31, }, {9, 13, 29, 26, 5, 30, 17, 6, 11, 18, 8, 2, 20, 19, 31, 12, }, {8, 1, 13, 2, 29, 31, 7, 30, 26, 3, 0, 17, 12, 25, 27, 5, }, {9, 13, 19, 31, 8, 17, 5, 1, 7, 26, 21, 25, 3, 30, 29, 6, }, {20, 15, 1, 14, 23, 13, 16, 21, 6, 12, 4, 22, 31, 7, 29, 3, }, {23, 2, 15, 30, 1, 12, 22, 4, 28, 18, 21, 24, 14, 0, 3, 8, }, {10, 2, 19, 0, 20, 13, 27, 8, 5, 28, 7, 31, 3, 22, 24, 4, }, {30, 29, 23, 8, 4, 14, 31, 7, 22, 5, 19, 17, 12, 13, 0, 27, }, {10, 20, 4, 5, 11, 31, 3, 17, 0, 16, 6, 7, 28, 21, 23, 13, }, {20, 27, 25, 11, 8, 9, 13, 30, 1, 21, 4, 12, 15, 5, 23, 10, }, {10, 1, 21, 2, 24, 12, 29, 25, 13, 8, 22, 5, 11, 14, 27, 20, }, {8, 2, 18, 9, 25, 4, 27, 21, 28, 1, 30, 20, 24, 19, 7, 22, }, {14, 7, 18, 16, 30, 20, 11, 0, 22, 4, 2, 1, 26, 28, 23, 31, }, }, 
{{9, 19, 31, 2, 13, 1, 24, 29, 21, 17, 8, 28, 18, 14, 16, 23, }, {21, 25, 5, 22, 6, 0, 18, 17, 31, 28, 14, 9, 26, 24, 2, 7, }, {8, 31, 21, 10, 17, 18, 12, 24, 15, 16, 28, 3, 26, 1, 2, 23, }, {3, 8, 26, 24, 13, 22, 19, 20, 1, 12, 15, 7, 23, 27, 0, 4, }, {8, 24, 25, 17, 9, 16, 1, 19, 4, 31, 14, 7, 18, 28, 6, 2, }, {14, 0, 29, 9, 11, 28, 5, 19, 21, 6, 31, 26, 3, 7, 30, 23, }, {16, 27, 10, 20, 22, 0, 29, 30, 26, 5, 6, 1, 7, 28, 31, 17, }, {2, 22, 21, 0, 17, 23, 3, 20, 4, 16, 29, 10, 28, 25, 8, 31, }, {8, 11, 23, 20, 9, 31, 12, 15, 28, 4, 22, 29, 17, 27, 7, 19, }, {8, 18, 17, 22, 11, 1, 23, 12, 13, 4, 0, 5, 15, 7, 30, 2, }, {30, 2, 29, 27, 15, 1, 13, 11, 19, 5, 6, 0, 21, 28, 16, 3, }, {17, 4, 12, 16, 15, 1, 14, 28, 3, 22, 19, 8, 29, 24, 9, 6, }, {7, 0, 8, 1, 27, 17, 11, 4, 12, 18, 23, 31, 10, 3, 22, 26, }, {2, 23, 10, 12, 20, 27, 28, 3, 4, 29, 15, 9, 0, 18, 19, 30, }, {17, 30, 11, 9, 4, 23, 29, 21, 28, 26, 13, 7, 0, 27, 16, 18, }, {2, 5, 24, 17, 1, 13, 6, 16, 7, 3, 18, 8, 15, 23, 29, 19, }, }, 
{{22, 21, 12, 23, 28, 29, 25, 8, 5, 20, 24, 13, 31, 19, 4, 10, }, {3, 16, 17, 27, 9, 2, 31, 20, 23, 11, 4, 8, 6, 13, 14, 0, }, {12, 16, 9, 0, 22, 15, 31, 2, 3, 8, 6, 29, 5, 1, 20, 23, }, {3, 17, 30, 21, 19, 18, 7, 25, 20, 26, 2, 8, 24, 9, 5, 13, }, {14, 21, 4, 19, 12, 25, 8, 9, 29, 26, 7, 2, 1, 22, 11, 17, }, {27, 11, 30, 29, 16, 10, 17, 20, 0, 24, 6, 1, 3, 31, 4, 18, }, {19, 17, 20, 24, 30, 25, 7, 22, 12, 3, 0, 31, 26, 4, 8, 23, }, {26, 31, 5, 29, 8, 18, 10, 14, 13, 19, 24, 11, 9, 25, 2, 3, }, {2, 17, 4, 19, 6, 12, 24, 9, 1, 0, 28, 15, 5, 31, 11, 18, }, {30, 2, 8, 22, 11, 16, 12, 26, 9, 17, 29, 24, 18, 10, 21, 5, }, {15, 13, 19, 2, 7, 0, 9, 17, 14, 24, 12, 8, 29, 10, 26, 16, }, {24, 14, 4, 26, 18, 23, 27, 0, 20, 19, 21, 10, 29, 25, 7, 15, }, {20, 6, 3, 0, 5, 12, 7, 23, 2, 19, 30, 16, 9, 1, 15, 27, }, {20, 5, 19, 2, 23, 22, 27, 15, 13, 0, 11, 16, 12, 9, 14, 21, }, {17, 25, 18, 30, 12, 2, 16, 19, 1, 10, 26, 8, 14, 24, 20, 11, }, {16, 7, 1, 3, 15, 24, 14, 28, 27, 19, 23, 13, 22, 9, 25, 18, }, }, 
}

P-box: 
{{7, 11, 13, 4, 0, 15, 2, 9, 6, 10, 12, 14, 8, 1, 3, 5, }, 
{3, 6, 5, 12, 0, 15, 4, 13, 1, 8, 11, 7, 9, 2, 10, 14, }, 
{14, 4, 0, 8, 1, 9, 6, 12, 10, 2, 15, 3, 5, 13, 7, 11, }, 
{8, 10, 5, 3, 0, 12, 2, 9, 13, 7, 15, 1, 4, 6, 11, 14, }, 
}