S-box:
{{{21, 13, 9, 22, 0, 7, 4, 8, 16, 28, 2, 30, 15, 5, 26, 1, }, {5, 27, 22, 11, 7, 1, 3, 19, 2, 20, 12, 0, 28, 13, 29, 21, }, {30, 23, 28, 4, 29, 31, 22, 1, 15, 5, 21, 17, 6, 14, 2, 25, }, {21, 17, 16, 9, 27, 25, 30, 24, 31, 18, 0, 28, 26, 11, 19, 14, }, {17, 16, 28, 12, 31, 11, 9, 15, 0, 3, 26, 2, 24, 13, 27, 25, }, {21, 14, 29, 3, 11, 26, 19, 0, 1, 23, 18, 16, 28, 7, 4, 25, }, {1, 3, 12, 14, 28, 16, 10, 23, 17, 21, 11, 2, 25, 24, 15, 19, }, {1, 22, 27, 26, 18, 31, 10, 21, 9, 11, 28, 12, 8, 5, 3, 7, }, {7, 6, 25, 1, 11, 28, 20, 16, 21, 17, 31, 13, 18, 0, 12, 9, }, {1, 12, 17, 25, 11, 2, 6, 18, 4, 9, 7, 22, 16, 14, 0, 3, }, {30, 22, 18, 27, 20, 11, 0, 26, 1, 10, 16, 12, 2, 25, 31, 8, }, {16, 5, 27, 12, 0, 30, 31, 17, 28, 14, 13, 25, 10, 7, 1, 20, }, {8, 19, 24, 21, 7, 28, 9, 10, 13, 4, 2, 30, 3, 20, 25, 0, }, {11, 31, 7, 20, 0, 30, 1, 3, 14, 12, 15, 6, 28, 19, 23, 2, }, {30, 7, 21, 11, 8, 2, 19, 17, 5, 1, 23, 29, 27, 4, 0, 22, }, {31, 15, 8, 19, 14, 21, 20, 12, 25, 22, 10, 9, 2, 23, 26, 0, }, }, 
{{26, 12, 2, 15, 28, 25, 9, 30, 19, 5, 10, 1, 0, 16, 18, 6, }, {15, 28, 21, 8, 19, 2, 11, 16, 18, 17, 4, 7, 26, 23, 29, 0, }, {8, 6, 31, 24, 27, 28, 11, 20, 12, 14, 13, 18, 19, 4, 10, 1, }, {27, 11, 30, 18, 15, 28, 25, 17, 2, 8, 24, 26, 0, 16, 14, 1, }, {3, 27, 4, 14, 0, 26, 10, 25, 9, 11, 8, 28, 7, 30, 6, 13, }, {7, 16, 18, 11, 5, 3, 29, 13, 1, 14, 4, 23, 15, 2, 21, 10, }, {16, 31, 14, 3, 21, 5, 10, 26, 12, 13, 20, 6, 7, 25, 29, 28, }, {24, 23, 21, 26, 18, 3, 13, 7, 10, 31, 20, 15, 30, 0, 6, 16, }, {16, 5, 22, 25, 1, 30, 28, 31, 18, 15, 17, 0, 27, 23, 13, 10, }, {22, 14, 21, 24, 4, 8, 13, 16, 28, 2, 7, 0, 20, 5, 27, 10, }, {9, 10, 20, 2, 13, 1, 29, 8, 24, 3, 17, 14, 30, 21, 7, 26, }, {28, 10, 12, 14, 22, 7, 1, 15, 5, 9, 13, 11, 8, 2, 3, 18, }, {29, 2, 15, 3, 28, 9, 8, 24, 17, 21, 7, 14, 18, 23, 4, 6, }, {28, 0, 5, 12, 24, 4, 10, 19, 21, 7, 29, 31, 26, 11, 14, 15, }, {9, 22, 3, 29, 26, 12, 13, 30, 1, 25, 20, 7, 27, 31, 21, 16, }, {4, 25, 22, 19, 1, 13, 21, 15, 9, 29, 2, 18, 0, 14, 31, 7, }, }, 
{{29, 21, 5, 8, 7, 16, 10, 27, 26, 11, 23, 17, 9, 6, 2, 24, }, {6, 17, 5, 14, 19, 24, 8, 29, 7, 20, 25, 26, 1, 4, 12, 2, }, {29, 19, 21, 24, 2, 15, 0, 20, 8, 4, 12, 14, 26, 27, 23, 31, }, {2, 3, 23, 12, 14, 30, 4, 29, 11, 21, 20, 6, 19, 24, 28, 9, }, {19, 25, 30, 27, 11, 8, 7, 31, 24, 26, 4, 12, 0, 2, 1, 6, }, {12, 29, 10, 28, 7, 11, 20, 8, 13, 1, 15, 9, 31, 23, 14, 26, }, {2, 3, 26, 16, 22, 13, 10, 6, 23, 15, 21, 4, 0, 31, 14, 24, }, {24, 3, 7, 2, 23, 18, 4, 14, 26, 1, 12, 31, 11, 9, 5, 30, }, {1, 0, 28, 4, 14, 2, 7, 8, 16, 31, 25, 29, 15, 24, 3, 5, }, {29, 23, 17, 20, 18, 6, 1, 13, 0, 25, 16, 10, 21, 14, 27, 28, }, {5, 19, 18, 15, 25, 20, 7, 27, 10, 9, 1, 4, 16, 30, 14, 3, }, {1, 31, 2, 3, 17, 18, 5, 24, 25, 22, 7, 0, 30, 28, 4, 13, }, {22, 31, 0, 25, 15, 17, 8, 20, 13, 26, 14, 30, 5, 23, 9, 12, }, {16, 14, 3, 10, 31, 4, 20, 18, 22, 5, 7, 25, 13, 26, 0, 9, }, {3, 28, 8, 9, 24, 29, 20, 7, 14, 11, 15, 6, 12, 13, 5, 18, }, {23, 18, 15, 20, 10, 25, 30, 9, 26, 27, 3, 16, 4, 2, 7, 1, }, }, 
{{26, 15, 11, 28, 12, 31, 2, 10, 22, 20, 7, 1, 6, 19, 27, 3, }, {17, 3, 18, 9, 25, 1, 7, 15, 0, 21, 5, 30, 14, 24, 12, 2, }, {30, 5, 23, 12, 20, 8, 21, 13, 1, 4, 14, 19, 18, 9, 27, 17, }, {18, 30, 27, 19, 20, 14, 23, 16, 25, 12, 5, 15, 0, 21, 24, 3, }, {29, 12, 26, 16, 23, 11, 18, 3, 20, 31, 5, 13, 8, 7, 0, 15, }, {2, 22, 1, 4, 8, 14, 18, 28, 21, 5, 31, 12, 13, 29, 23, 3, }, {20, 9, 4, 18, 16, 26, 5, 17, 22, 2, 30, 13, 10, 27, 0, 6, }, {30, 14, 7, 10, 8, 12, 21, 26, 20, 19, 18, 1, 9, 24, 11, 25, }, {20, 23, 10, 18, 22, 6, 8, 31, 27, 12, 7, 21, 25, 14, 4, 5, }, {28, 10, 9, 19, 31, 8, 27, 15, 7, 4, 24, 1, 16, 12, 11, 30, }, {30, 9, 28, 27, 16, 7, 21, 5, 0, 25, 1, 24, 20, 10, 2, 12, }, {5, 18, 14, 30, 26, 4, 31, 9, 1, 3, 6, 7, 23, 13, 28, 17, }, {13, 3, 25, 26, 16, 28, 15, 5, 18, 6, 23, 24, 21, 22, 31, 8, }, {17, 16, 10, 22, 0, 19, 27, 26, 9, 15, 2, 18, 8, 20, 31, 30, }, {25, 14, 30, 7, 11, 13, 9, 12, 4, 23, 22, 26, 15, 17, 3, 2, }, {0, 3, 10, 22, 15, 26, 8, 19, 31, 24, 6, 17, 29, 23, 12, 5, }, }, 
}

P-box: 
{{15, 1, 14, 12, 0, 3, 13, 9, 2, 11, 6, 7, 5, 10, 4, 8, }, 
{4, 8, 2, 3, 10, 15, 9, 14, 1, 13, 5, 0, 12, 7, 6, 11, }, 
{12, 2, 3, 0, 10, 15, 11, 9, 5, 7, 6, 13, 14, 1, 4, 8, }, 
{15, 10, 12, 6, 11, 14, 8, 1, 9, 0, 13, 2, 3, 4, 7, 5, }, 
}