S-box:
{{{13, 23, 9, 2, 15, 16, 19, 5, 24, 21, 7, 26, 30, 4, 17, 8, }, {18, 17, 31, 1, 26, 19, 11, 15, 22, 14, 0, 10, 30, 7, 16, 21, }, {3, 18, 24, 21, 25, 11, 20, 23, 10, 2, 16, 5, 12, 1, 30, 29, }, {21, 25, 0, 4, 3, 13, 18, 26, 11, 12, 31, 6, 14, 23, 22, 5, }, {30, 4, 27, 3, 10, 25, 8, 13, 20, 7, 16, 21, 12, 31, 19, 15, }, {20, 25, 31, 22, 4, 18, 10, 29, 17, 2, 12, 14, 19, 23, 24, 15, }, {19, 1, 18, 3, 14, 7, 24, 15, 11, 30, 21, 31, 13, 4, 10, 0, }, {17, 16, 26, 8, 22, 29, 3, 9, 14, 27, 13, 19, 5, 0, 6, 18, }, {2, 10, 14, 27, 30, 7, 26, 1, 17, 6, 8, 28, 21, 19, 4, 20, }, {0, 10, 7, 25, 20, 21, 19, 11, 1, 27, 29, 2, 8, 15, 28, 17, }, {1, 6, 26, 24, 8, 29, 7, 21, 14, 18, 13, 2, 17, 9, 5, 28, }, {15, 16, 17, 31, 24, 10, 19, 27, 5, 11, 20, 4, 29, 22, 23, 30, }, {14, 15, 4, 12, 1, 17, 22, 24, 19, 11, 8, 7, 6, 10, 31, 5, }, {7, 19, 13, 15, 4, 11, 10, 14, 30, 6, 3, 1, 20, 8, 24, 26, }, {11, 17, 5, 29, 1, 24, 15, 18, 4, 28, 2, 9, 16, 19, 13, 22, }, {28, 26, 24, 31, 12, 19, 2, 1, 4, 14, 20, 5, 0, 13, 7, 30, }, }, 
{{2, 25, 5, 19, 16, 3, 10, 1, 12, 17, 13, 15, 7, 18, 27, 8, }, {19, 27, 24, 15, 1, 13, 20, 6, 5, 30, 25, 22, 12, 8, 16, 18, }, {28, 21, 18, 1, 20, 10, 31, 19, 16, 0, 5, 30, 13, 17, 7, 23, }, {9, 2, 17, 7, 27, 3, 0, 21, 8, 26, 22, 20, 4, 13, 18, 28, }, {14, 19, 1, 10, 2, 16, 4, 21, 17, 20, 6, 0, 15, 5, 24, 25, }, {18, 9, 31, 30, 15, 3, 23, 27, 4, 13, 19, 29, 26, 2, 21, 8, }, {10, 30, 2, 12, 28, 27, 29, 0, 14, 3, 15, 4, 8, 31, 16, 22, }, {16, 1, 4, 19, 21, 6, 25, 20, 14, 7, 15, 29, 23, 0, 18, 9, }, {14, 5, 24, 31, 28, 10, 20, 3, 4, 6, 17, 21, 22, 29, 16, 25, }, {14, 15, 21, 3, 10, 20, 23, 0, 4, 29, 9, 26, 1, 16, 2, 17, }, {23, 2, 11, 15, 19, 3, 16, 0, 5, 21, 25, 17, 14, 20, 6, 1, }, {1, 4, 15, 20, 12, 0, 5, 27, 29, 7, 10, 24, 16, 21, 6, 18, }, {31, 26, 17, 21, 8, 20, 3, 4, 24, 7, 6, 19, 1, 11, 13, 0, }, {10, 9, 3, 26, 17, 28, 8, 27, 2, 18, 19, 0, 29, 13, 12, 15, }, {23, 31, 6, 7, 29, 22, 2, 28, 0, 24, 27, 13, 12, 21, 26, 3, }, {0, 28, 12, 2, 8, 19, 9, 4, 14, 22, 27, 31, 18, 3, 11, 6, }, }, 
{{6, 10, 28, 15, 13, 24, 12, 2, 19, 22, 3, 23, 29, 11, 30, 1, }, {21, 3, 26, 19, 31, 23, 28, 30, 17, 9, 6, 24, 27, 7, 16, 12, }, {30, 20, 8, 25, 31, 1, 11, 27, 5, 6, 7, 3, 28, 9, 18, 29, }, {25, 24, 26, 15, 31, 20, 19, 4, 2, 11, 27, 16, 10, 18, 6, 30, }, {23, 4, 9, 8, 12, 2, 3, 21, 11, 1, 26, 27, 24, 20, 28, 31, }, {28, 3, 29, 22, 24, 0, 4, 19, 23, 31, 12, 15, 30, 27, 26, 25, }, {15, 1, 10, 4, 25, 20, 29, 17, 26, 27, 28, 24, 11, 18, 12, 21, }, {21, 15, 9, 27, 8, 22, 25, 1, 13, 20, 16, 14, 12, 26, 0, 30, }, {26, 17, 29, 5, 18, 28, 21, 19, 9, 0, 12, 30, 31, 22, 3, 24, }, {21, 29, 8, 11, 0, 5, 15, 28, 14, 20, 16, 13, 2, 24, 25, 27, }, {0, 3, 1, 19, 13, 30, 8, 11, 4, 28, 16, 7, 29, 9, 24, 18, }, {14, 3, 5, 16, 10, 17, 22, 8, 28, 31, 13, 24, 18, 7, 21, 20, }, {25, 5, 23, 27, 14, 24, 7, 11, 12, 21, 29, 15, 10, 31, 2, 16, }, {26, 30, 9, 19, 5, 8, 3, 21, 23, 18, 11, 24, 15, 16, 31, 27, }, {0, 15, 28, 9, 5, 18, 4, 25, 11, 27, 24, 1, 16, 10, 20, 23, }, {28, 30, 17, 14, 5, 26, 16, 25, 13, 1, 23, 27, 4, 15, 8, 0, }, }, 
{{20, 5, 9, 11, 28, 30, 17, 3, 8, 2, 0, 6, 13, 12, 1, 10, }, {23, 13, 14, 24, 31, 29, 0, 26, 7, 2, 16, 15, 22, 17, 18, 28, }, {31, 30, 17, 5, 3, 10, 6, 19, 21, 0, 16, 18, 11, 13, 24, 12, }, {14, 7, 15, 2, 29, 26, 27, 31, 9, 21, 16, 8, 3, 11, 30, 23, }, {11, 21, 10, 26, 0, 25, 8, 19, 28, 27, 7, 5, 18, 20, 15, 6, }, {15, 27, 2, 3, 14, 11, 12, 4, 0, 7, 31, 8, 28, 6, 26, 20, }, {28, 15, 19, 18, 29, 24, 9, 14, 12, 7, 16, 5, 22, 1, 0, 2, }, {3, 20, 18, 4, 8, 5, 23, 11, 27, 25, 17, 29, 16, 30, 1, 26, }, {18, 19, 16, 20, 25, 22, 15, 1, 27, 28, 9, 8, 13, 17, 4, 26, }, {10, 28, 31, 19, 27, 20, 5, 3, 22, 17, 9, 23, 21, 7, 14, 11, }, {10, 5, 14, 25, 22, 19, 7, 16, 0, 23, 20, 12, 15, 24, 11, 6, }, {29, 16, 8, 10, 13, 24, 20, 23, 3, 18, 22, 0, 14, 11, 4, 31, }, {18, 17, 20, 21, 26, 4, 13, 23, 7, 12, 31, 22, 30, 9, 8, 15, }, {18, 25, 3, 31, 19, 7, 2, 6, 15, 8, 12, 21, 23, 20, 30, 27, }, {10, 7, 1, 11, 14, 19, 5, 3, 22, 27, 29, 18, 15, 13, 0, 4, }, {15, 26, 16, 24, 6, 13, 21, 17, 3, 7, 30, 28, 10, 9, 22, 11, }, }, 
}

P-box: 
{{5, 7, 11, 6, 12, 13, 4, 10, 2, 14, 9, 0, 1, 8, 15, 3, }, 
{3, 4, 8, 2, 13, 0, 7, 12, 6, 9, 5, 11, 1, 10, 14, 15, }, 
{12, 6, 10, 9, 2, 4, 8, 11, 7, 14, 0, 1, 5, 15, 13, 3, }, 
{8, 9, 12, 13, 0, 15, 7, 2, 5, 6, 10, 1, 4, 14, 3, 11, }, 
}