S-box:
{{{7, 30, 10, 0, 21, 5, 2, 13, 12, 14, 24, 25, 3, 16, 15, 18, }, {24, 21, 6, 2, 27, 20, 5, 15, 8, 17, 31, 3, 25, 11, 4, 13, }, {1, 12, 24, 0, 31, 6, 9, 3, 29, 21, 25, 15, 7, 8, 2, 18, }, {18, 13, 24, 20, 2, 11, 27, 31, 14, 8, 0, 9, 23, 26, 25, 10, }, {4, 17, 11, 3, 31, 26, 1, 21, 7, 13, 24, 5, 28, 23, 27, 2, }, {14, 5, 20, 6, 19, 12, 2, 24, 10, 11, 0, 3, 21, 8, 9, 4, }, {27, 30, 23, 29, 28, 5, 21, 15, 11, 3, 4, 2, 6, 9, 16, 26, }, {31, 4, 2, 16, 10, 0, 11, 13, 15, 6, 27, 23, 7, 20, 12, 22, }, {10, 18, 0, 8, 21, 7, 3, 12, 20, 5, 29, 9, 2, 24, 23, 14, }, {3, 5, 8, 24, 10, 11, 28, 1, 22, 31, 23, 30, 15, 19, 14, 26, }, {16, 3, 31, 30, 2, 23, 0, 14, 24, 9, 1, 15, 12, 22, 29, 26, }, {0, 1, 4, 25, 5, 30, 26, 19, 29, 11, 20, 12, 15, 14, 18, 9, }, {2, 7, 6, 11, 15, 20, 17, 31, 14, 10, 29, 26, 24, 25, 1, 12, }, {17, 2, 4, 31, 6, 9, 20, 7, 30, 28, 19, 23, 15, 12, 21, 5, }, {18, 25, 7, 12, 19, 30, 23, 9, 29, 13, 0, 8, 15, 10, 24, 17, }, {2, 16, 8, 22, 30, 18, 14, 19, 26, 4, 0, 13, 20, 12, 17, 15, }, }, 
{{31, 9, 8, 11, 30, 0, 7, 3, 24, 2, 15, 29, 27, 21, 14, 1, }, {20, 8, 14, 29, 16, 27, 2, 17, 31, 0, 10, 19, 7, 15, 28, 11, }, {13, 0, 19, 23, 8, 10, 30, 14, 20, 18, 9, 12, 27, 3, 6, 22, }, {7, 22, 14, 24, 9, 31, 26, 28, 29, 2, 8, 18, 1, 21, 11, 13, }, {27, 21, 29, 18, 31, 28, 10, 14, 2, 25, 6, 16, 4, 7, 24, 9, }, {21, 25, 20, 4, 18, 11, 15, 10, 22, 30, 19, 7, 24, 5, 29, 16, }, {25, 24, 6, 0, 9, 11, 5, 17, 16, 22, 23, 13, 2, 18, 3, 30, }, {2, 0, 5, 11, 22, 12, 3, 1, 10, 7, 21, 9, 14, 18, 17, 6, }, {29, 23, 28, 9, 8, 4, 2, 15, 12, 18, 13, 31, 19, 10, 22, 26, }, {6, 4, 25, 2, 17, 21, 11, 7, 20, 31, 18, 29, 10, 1, 12, 24, }, {16, 26, 5, 10, 27, 13, 23, 19, 28, 15, 2, 24, 12, 22, 25, 4, }, {27, 23, 5, 10, 22, 15, 13, 18, 16, 29, 24, 11, 19, 12, 6, 9, }, {24, 13, 17, 3, 29, 21, 6, 12, 27, 4, 11, 18, 0, 19, 23, 31, }, {19, 0, 28, 18, 7, 12, 1, 14, 31, 9, 29, 4, 23, 26, 11, 5, }, {27, 25, 19, 0, 21, 15, 2, 9, 11, 28, 1, 13, 26, 5, 18, 24, }, {18, 19, 17, 27, 0, 14, 11, 26, 8, 15, 3, 20, 9, 13, 2, 31, }, }, 
{{6, 12, 22, 26, 31, 20, 2, 9, 18, 5, 23, 27, 7, 13, 17, 28, }, {11, 7, 9, 30, 14, 29, 4, 23, 2, 22, 5, 31, 8, 25, 1, 10, }, {28, 0, 6, 30, 13, 5, 9, 8, 17, 29, 14, 15, 12, 20, 24, 2, }, {26, 0, 12, 16, 2, 17, 27, 11, 31, 30, 13, 28, 20, 21, 19, 7, }, {0, 29, 27, 5, 10, 4, 23, 25, 16, 17, 6, 24, 9, 13, 7, 26, }, {1, 18, 16, 13, 24, 30, 10, 26, 28, 23, 8, 22, 4, 11, 17, 6, }, {26, 10, 2, 5, 17, 0, 29, 31, 20, 8, 28, 24, 4, 6, 3, 15, }, {23, 15, 7, 12, 11, 6, 29, 14, 8, 3, 22, 21, 31, 10, 5, 17, }, {6, 10, 12, 28, 30, 27, 20, 21, 24, 31, 9, 29, 11, 26, 13, 17, }, {27, 5, 6, 21, 14, 29, 0, 4, 15, 11, 24, 8, 12, 18, 1, 13, }, {20, 4, 11, 25, 0, 16, 10, 30, 12, 17, 8, 27, 23, 2, 3, 26, }, {4, 17, 3, 11, 14, 19, 9, 25, 10, 13, 24, 15, 1, 28, 12, 29, }, {8, 16, 15, 21, 17, 24, 4, 22, 28, 0, 14, 25, 9, 27, 26, 12, }, {11, 3, 22, 20, 0, 26, 25, 19, 29, 7, 28, 13, 21, 1, 24, 15, }, {1, 23, 5, 29, 28, 13, 26, 0, 14, 25, 22, 19, 24, 8, 16, 20, }, {28, 29, 2, 22, 7, 8, 31, 16, 9, 4, 27, 1, 12, 20, 5, 23, }, }, 
{{0, 24, 20, 11, 30, 7, 4, 3, 22, 12, 13, 15, 14, 1, 5, 28, }, {28, 3, 21, 6, 1, 30, 31, 0, 11, 25, 5, 23, 2, 17, 18, 8, }, {31, 21, 6, 28, 9, 30, 4, 7, 16, 29, 18, 12, 5, 24, 15, 10, }, {18, 22, 21, 11, 6, 16, 28, 29, 9, 0, 1, 13, 20, 25, 19, 23, }, {3, 12, 6, 15, 11, 18, 28, 17, 14, 2, 30, 31, 0, 16, 9, 29, }, {8, 28, 13, 25, 26, 5, 0, 9, 1, 3, 11, 18, 16, 31, 29, 6, }, {13, 7, 16, 3, 0, 23, 9, 10, 29, 18, 27, 28, 20, 4, 14, 8, }, {7, 21, 12, 28, 27, 9, 11, 13, 6, 0, 19, 2, 24, 25, 10, 23, }, {19, 3, 13, 20, 7, 26, 0, 6, 28, 2, 5, 18, 1, 4, 17, 11, }, {3, 0, 4, 29, 20, 9, 7, 30, 16, 24, 10, 11, 1, 17, 22, 5, }, {12, 29, 26, 13, 14, 22, 5, 11, 24, 17, 3, 27, 9, 2, 23, 0, }, {3, 29, 18, 30, 6, 8, 14, 21, 27, 9, 11, 20, 1, 28, 16, 24, }, {25, 13, 29, 9, 22, 20, 4, 26, 10, 28, 11, 14, 1, 30, 3, 7, }, {11, 4, 16, 26, 28, 24, 23, 10, 21, 20, 29, 13, 8, 31, 18, 27, }, {8, 24, 9, 14, 2, 11, 22, 10, 18, 5, 7, 29, 15, 27, 17, 0, }, {7, 1, 15, 0, 23, 8, 25, 29, 14, 30, 19, 17, 9, 16, 20, 21, }, }, 
}

P-box: 
{{11, 10, 15, 1, 6, 2, 8, 3, 5, 4, 7, 9, 12, 14, 13, 0, }, 
{13, 0, 1, 2, 4, 8, 10, 6, 12, 7, 14, 5, 11, 9, 3, 15, }, 
{1, 4, 11, 6, 14, 3, 12, 9, 0, 13, 2, 15, 5, 7, 8, 10, }, 
{8, 0, 13, 10, 5, 4, 15, 11, 9, 12, 3, 2, 14, 7, 1, 6, }, 
}