S-box:
{{{24, 11, 7, 10, 23, 3, 21, 31, 2, 28, 9, 25, 22, 30, 27, 13, }, {15, 26, 7, 10, 21, 17, 3, 28, 22, 20, 24, 30, 25, 9, 19, 13, }, {22, 2, 4, 24, 30, 16, 31, 18, 14, 8, 9, 20, 6, 15, 10, 17, }, {17, 24, 31, 29, 18, 30, 12, 3, 27, 11, 0, 5, 2, 19, 16, 13, }, {31, 21, 0, 23, 24, 5, 28, 17, 6, 14, 27, 7, 30, 1, 10, 25, }, {15, 31, 27, 10, 28, 16, 13, 22, 2, 30, 20, 11, 1, 9, 17, 23, }, {12, 13, 10, 4, 14, 24, 0, 7, 29, 8, 25, 22, 17, 28, 18, 3, }, {3, 17, 15, 18, 30, 2, 25, 8, 28, 29, 26, 5, 21, 4, 19, 6, }, {6, 30, 29, 9, 10, 26, 8, 3, 31, 4, 27, 20, 13, 21, 7, 22, }, {28, 19, 5, 6, 13, 30, 31, 22, 8, 24, 12, 21, 25, 3, 10, 14, }, {12, 19, 17, 24, 18, 20, 9, 15, 16, 10, 7, 28, 25, 21, 4, 14, }, {7, 17, 14, 15, 2, 25, 26, 11, 12, 21, 10, 6, 0, 13, 27, 8, }, {18, 16, 14, 29, 10, 2, 12, 20, 8, 7, 24, 15, 1, 22, 9, 3, }, {14, 12, 31, 8, 5, 15, 26, 2, 3, 19, 13, 11, 18, 28, 9, 7, }, {25, 12, 27, 3, 26, 19, 18, 10, 13, 30, 9, 6, 22, 28, 16, 11, }, {26, 28, 23, 12, 18, 16, 21, 7, 9, 30, 29, 11, 3, 4, 19, 8, }, }, 
{{26, 31, 9, 0, 11, 8, 22, 15, 18, 3, 30, 16, 1, 12, 6, 20, }, {19, 0, 5, 28, 16, 30, 21, 2, 27, 13, 20, 1, 4, 12, 14, 22, }, {3, 8, 11, 14, 23, 10, 6, 27, 4, 2, 24, 9, 17, 22, 28, 13, }, {26, 21, 30, 0, 3, 11, 2, 25, 31, 17, 28, 19, 14, 22, 12, 24, }, {13, 28, 3, 10, 4, 16, 8, 5, 25, 17, 27, 31, 29, 22, 14, 21, }, {8, 29, 28, 4, 11, 23, 12, 17, 10, 30, 5, 3, 14, 15, 1, 20, }, {27, 5, 6, 9, 29, 17, 22, 23, 16, 0, 26, 19, 8, 12, 3, 31, }, {5, 13, 15, 25, 18, 20, 26, 17, 27, 2, 0, 24, 16, 29, 7, 9, }, {22, 27, 8, 17, 3, 28, 21, 2, 24, 18, 19, 15, 29, 4, 20, 26, }, {30, 31, 23, 4, 29, 5, 9, 7, 18, 3, 10, 13, 28, 26, 16, 20, }, {5, 31, 29, 11, 10, 3, 20, 4, 16, 14, 22, 19, 27, 12, 17, 0, }, {14, 6, 7, 10, 4, 26, 18, 5, 1, 15, 30, 3, 25, 2, 21, 13, }, {21, 7, 6, 1, 9, 5, 10, 31, 18, 3, 11, 4, 2, 29, 16, 20, }, {20, 5, 2, 17, 10, 8, 26, 13, 15, 23, 14, 27, 31, 1, 29, 21, }, {16, 5, 30, 23, 12, 20, 1, 13, 22, 25, 26, 0, 2, 24, 6, 9, }, {14, 1, 11, 23, 15, 6, 20, 22, 7, 5, 18, 19, 3, 17, 16, 25, }, }, 
{{27, 22, 19, 0, 9, 13, 24, 25, 6, 14, 5, 17, 2, 3, 11, 29, }, {11, 17, 29, 25, 3, 31, 8, 27, 4, 7, 5, 24, 16, 19, 15, 12, }, {28, 9, 24, 2, 23, 7, 20, 3, 29, 27, 31, 30, 14, 11, 12, 1, }, {2, 8, 19, 31, 7, 24, 5, 18, 12, 17, 11, 26, 23, 30, 27, 15, }, {31, 11, 17, 27, 18, 21, 0, 15, 4, 16, 12, 30, 2, 1, 28, 13, }, {19, 20, 6, 26, 23, 14, 10, 27, 22, 29, 2, 0, 21, 15, 1, 30, }, {4, 29, 16, 9, 0, 20, 22, 12, 18, 28, 11, 19, 31, 8, 17, 23, }, {8, 22, 0, 30, 18, 4, 12, 11, 14, 13, 20, 23, 1, 5, 7, 15, }, {6, 21, 2, 22, 4, 11, 10, 18, 27, 17, 20, 14, 0, 24, 29, 3, }, {27, 29, 8, 18, 6, 5, 12, 9, 22, 0, 3, 23, 20, 15, 4, 24, }, {26, 24, 13, 19, 9, 10, 5, 28, 31, 6, 4, 14, 30, 15, 22, 16, }, {17, 26, 13, 5, 12, 31, 1, 28, 30, 4, 20, 24, 2, 15, 6, 22, }, {27, 29, 23, 1, 2, 3, 26, 19, 14, 24, 15, 31, 12, 16, 0, 7, }, {20, 7, 0, 1, 23, 21, 9, 4, 11, 19, 12, 26, 16, 28, 6, 18, }, {14, 4, 9, 6, 7, 27, 12, 25, 29, 19, 11, 15, 8, 17, 16, 31, }, {12, 25, 11, 14, 30, 1, 22, 6, 24, 5, 4, 29, 2, 31, 18, 27, }, }, 
{{21, 16, 17, 12, 20, 9, 26, 31, 29, 4, 3, 28, 25, 11, 30, 13, }, {15, 4, 30, 31, 27, 6, 14, 0, 19, 8, 26, 16, 21, 9, 12, 10, }, {30, 10, 11, 7, 20, 18, 5, 0, 6, 21, 13, 23, 4, 22, 17, 31, }, {16, 22, 8, 1, 26, 15, 2, 17, 18, 4, 25, 13, 7, 30, 27, 3, }, {25, 21, 23, 14, 0, 4, 12, 17, 3, 31, 28, 9, 13, 24, 19, 7, }, {6, 30, 4, 7, 15, 29, 22, 2, 25, 9, 13, 5, 11, 31, 21, 0, }, {24, 4, 25, 13, 26, 23, 22, 7, 27, 6, 3, 29, 12, 10, 17, 11, }, {28, 30, 7, 17, 27, 16, 19, 26, 1, 31, 29, 10, 5, 8, 2, 25, }, {0, 1, 22, 11, 28, 24, 9, 10, 30, 17, 15, 25, 16, 19, 21, 7, }, {17, 5, 21, 1, 18, 30, 23, 29, 15, 9, 14, 31, 28, 13, 25, 22, }, {26, 21, 8, 30, 12, 18, 3, 24, 22, 9, 19, 6, 28, 29, 4, 13, }, {11, 17, 2, 27, 20, 21, 4, 16, 25, 1, 24, 0, 6, 8, 13, 10, }, {29, 4, 15, 17, 12, 30, 26, 24, 14, 16, 20, 2, 31, 23, 10, 3, }, {10, 20, 12, 14, 11, 16, 9, 6, 13, 5, 25, 1, 28, 0, 2, 18, }, {29, 8, 12, 17, 28, 13, 6, 24, 25, 0, 16, 19, 10, 14, 21, 23, }, {28, 30, 19, 5, 18, 21, 7, 12, 29, 10, 3, 31, 8, 13, 6, 20, }, }, 
}

P-box: 
{{2, 4, 0, 10, 12, 11, 14, 8, 13, 1, 9, 7, 5, 15, 6, 3, }, 
{5, 7, 4, 8, 2, 15, 14, 10, 13, 1, 11, 9, 0, 12, 6, 3, }, 
{6, 7, 12, 15, 10, 11, 8, 3, 14, 9, 4, 1, 5, 13, 0, 2, }, 
{3, 6, 2, 8, 1, 5, 9, 11, 0, 13, 10, 7, 4, 14, 15, 12, }, 
}