S-box:
{{{22, 21, 12, 8, 16, 19, 13, 31, 29, 10, 5, 20, 18, 6, 2, 1, }, {25, 24, 30, 29, 0, 22, 19, 4, 9, 23, 26, 2, 3, 1, 27, 10, }, {31, 22, 15, 24, 25, 29, 23, 6, 19, 30, 3, 7, 14, 10, 27, 21, }, {17, 19, 22, 16, 0, 9, 1, 31, 6, 23, 27, 14, 28, 29, 24, 10, }, {14, 25, 26, 19, 9, 18, 6, 28, 2, 31, 11, 27, 15, 10, 29, 4, }, {4, 28, 29, 5, 30, 6, 26, 8, 16, 3, 0, 31, 14, 13, 2, 1, }, {18, 2, 19, 31, 5, 29, 0, 8, 20, 14, 10, 26, 24, 30, 22, 6, }, {5, 2, 22, 23, 18, 24, 15, 11, 10, 6, 8, 4, 21, 20, 7, 9, }, {2, 3, 28, 31, 20, 15, 7, 18, 30, 27, 9, 8, 13, 14, 22, 12, }, {22, 7, 17, 24, 6, 12, 13, 27, 15, 1, 5, 9, 8, 31, 18, 16, }, {9, 26, 11, 10, 31, 19, 27, 23, 13, 16, 5, 18, 15, 1, 22, 28, }, {3, 25, 15, 19, 14, 26, 7, 8, 28, 24, 18, 4, 29, 23, 9, 27, }, {12, 27, 22, 10, 15, 20, 29, 6, 4, 5, 13, 25, 8, 26, 31, 23, }, {11, 13, 1, 23, 31, 6, 15, 16, 20, 19, 24, 22, 4, 3, 7, 2, }, {26, 19, 14, 18, 30, 25, 28, 15, 5, 16, 23, 1, 3, 20, 22, 8, }, {23, 21, 7, 30, 19, 9, 10, 0, 5, 4, 1, 2, 28, 12, 14, 27, }, }, 
{{16, 2, 5, 6, 18, 22, 28, 3, 8, 20, 1, 30, 9, 0, 26, 14, }, {0, 21, 5, 3, 16, 30, 1, 28, 24, 23, 6, 4, 12, 17, 2, 29, }, {8, 29, 18, 27, 30, 6, 11, 28, 5, 0, 13, 23, 9, 3, 31, 20, }, {0, 15, 19, 18, 10, 23, 28, 20, 13, 25, 4, 14, 7, 31, 5, 16, }, {6, 27, 15, 23, 19, 18, 0, 22, 16, 1, 26, 17, 10, 14, 13, 28, }, {8, 28, 7, 3, 6, 14, 24, 23, 2, 26, 1, 12, 4, 18, 19, 15, }, {15, 20, 22, 9, 6, 2, 23, 14, 13, 7, 0, 29, 28, 3, 24, 8, }, {30, 21, 13, 16, 10, 15, 3, 20, 8, 28, 11, 24, 17, 6, 0, 25, }, {1, 26, 22, 29, 0, 4, 21, 27, 9, 13, 7, 12, 17, 31, 23, 19, }, {27, 18, 31, 24, 17, 1, 2, 28, 3, 25, 5, 8, 20, 12, 22, 9, }, {12, 28, 18, 10, 3, 31, 0, 2, 7, 16, 24, 29, 21, 22, 8, 23, }, {16, 23, 20, 8, 28, 30, 11, 4, 29, 21, 25, 7, 15, 17, 12, 19, }, {17, 9, 31, 24, 1, 2, 10, 23, 22, 30, 15, 25, 28, 12, 21, 7, }, {25, 19, 26, 28, 17, 12, 0, 3, 18, 4, 23, 15, 8, 24, 2, 7, }, {21, 2, 29, 7, 8, 4, 10, 24, 14, 22, 30, 6, 15, 27, 23, 31, }, {9, 15, 7, 0, 8, 10, 23, 29, 1, 20, 27, 5, 25, 3, 24, 30, }, }, 
{{23, 30, 31, 8, 3, 0, 27, 24, 10, 18, 22, 4, 7, 15, 2, 21, }, {24, 11, 27, 23, 18, 4, 22, 29, 0, 6, 14, 31, 16, 1, 28, 17, }, {29, 9, 15, 6, 26, 8, 12, 21, 30, 28, 14, 3, 24, 25, 16, 7, }, {6, 28, 10, 9, 24, 17, 3, 25, 21, 14, 26, 20, 8, 30, 29, 18, }, {10, 3, 19, 9, 24, 29, 20, 2, 18, 26, 11, 28, 25, 4, 16, 14, }, {13, 9, 12, 6, 28, 29, 5, 27, 4, 10, 15, 25, 26, 18, 22, 2, }, {18, 28, 24, 26, 29, 20, 30, 0, 6, 13, 17, 11, 23, 4, 15, 27, }, {27, 2, 16, 11, 8, 7, 23, 24, 25, 5, 17, 21, 15, 0, 28, 30, }, {3, 6, 21, 4, 29, 9, 18, 30, 23, 5, 27, 7, 22, 19, 25, 2, }, {14, 0, 11, 2, 13, 15, 1, 30, 26, 5, 21, 20, 18, 23, 31, 4, }, {5, 23, 14, 2, 20, 21, 7, 26, 6, 15, 27, 16, 28, 18, 12, 22, }, {24, 10, 13, 30, 21, 26, 8, 23, 19, 16, 5, 27, 22, 20, 3, 4, }, {27, 22, 17, 3, 2, 15, 1, 7, 4, 9, 28, 14, 24, 11, 0, 8, }, {23, 4, 9, 30, 10, 0, 18, 13, 27, 24, 14, 2, 28, 5, 15, 1, }, {8, 26, 4, 0, 12, 3, 25, 10, 22, 13, 31, 15, 27, 5, 30, 18, }, {17, 10, 6, 11, 26, 28, 15, 19, 7, 25, 12, 5, 21, 0, 30, 9, }, }, 
{{27, 12, 7, 25, 19, 24, 13, 14, 3, 4, 0, 17, 20, 15, 21, 5, }, {0, 22, 24, 23, 20, 16, 9, 19, 27, 7, 26, 21, 25, 17, 8, 18, }, {15, 2, 18, 29, 26, 20, 16, 13, 24, 7, 25, 23, 31, 17, 14, 9, }, {24, 1, 17, 8, 27, 30, 13, 15, 26, 19, 23, 16, 3, 11, 31, 18, }, {31, 27, 29, 12, 13, 16, 3, 30, 14, 0, 18, 20, 19, 21, 9, 22, }, {24, 25, 30, 14, 20, 23, 26, 21, 16, 29, 0, 18, 4, 2, 1, 3, }, {28, 24, 18, 20, 23, 16, 11, 15, 2, 29, 22, 10, 7, 21, 3, 19, }, {4, 20, 18, 26, 0, 16, 9, 8, 5, 12, 28, 29, 30, 22, 2, 13, }, {10, 6, 22, 12, 8, 13, 9, 27, 28, 17, 2, 0, 26, 24, 15, 16, }, {11, 1, 5, 15, 27, 0, 30, 7, 19, 4, 8, 17, 21, 10, 13, 9, }, {19, 12, 29, 15, 6, 16, 31, 30, 13, 21, 20, 27, 28, 17, 3, 26, }, {26, 11, 2, 7, 18, 21, 29, 1, 28, 23, 4, 22, 14, 6, 3, 13, }, {28, 7, 18, 14, 22, 16, 5, 4, 10, 31, 1, 11, 0, 9, 15, 27, }, {9, 19, 21, 0, 26, 31, 20, 12, 24, 18, 28, 16, 11, 22, 4, 15, }, {7, 0, 18, 19, 9, 6, 4, 29, 25, 20, 3, 28, 17, 12, 24, 15, }, {13, 20, 10, 12, 18, 16, 0, 5, 7, 28, 24, 31, 4, 14, 17, 27, }, }, 
}

P-box: 
{{3, 0, 4, 5, 8, 11, 12, 7, 9, 14, 15, 2, 6, 13, 1, 10, }, 
{5, 8, 13, 12, 15, 10, 0, 9, 1, 6, 4, 3, 11, 7, 2, 14, }, 
{13, 8, 12, 9, 14, 4, 0, 2, 15, 7, 6, 10, 11, 5, 1, 3, }, 
{12, 4, 9, 8, 3, 15, 13, 5, 6, 10, 0, 2, 7, 14, 1, 11, }, 
}