S-box:
{{{4, 16, 19, 20, 22, 10, 3, 21, 11, 8, 13, 23, }, {16, 9, 11, 6, 4, 3, 15, 17, 10, 8, 19, 22, }, {15, 11, 13, 7, 1, 20, 18, 17, 3, 0, 19, 22, }, {21, 14, 12, 15, 17, 0, 22, 6, 10, 23, 3, 5, }, {5, 8, 17, 16, 2, 3, 18, 19, 7, 0, 10, 22, }, {16, 10, 6, 20, 4, 15, 11, 12, 17, 5, 21, 2, }, {15, 0, 11, 1, 20, 13, 23, 8, 17, 12, 4, 2, }, {15, 3, 20, 8, 19, 16, 5, 17, 21, 18, 11, 13, }, {5, 18, 7, 3, 21, 12, 4, 8, 20, 0, 11, 19, }, {7, 10, 1, 16, 4, 18, 2, 13, 11, 14, 22, 8, }, {22, 23, 20, 13, 2, 18, 7, 12, 10, 0, 21, 9, }, {12, 20, 22, 14, 2, 16, 4, 21, 13, 5, 3, 0, }, }, 
{{22, 12, 10, 4, 16, 9, 3, 19, 11, 5, 0, 17, }, {23, 5, 17, 14, 2, 7, 22, 1, 4, 8, 21, 20, }, {16, 0, 7, 10, 14, 1, 13, 11, 18, 2, 17, 5, }, {9, 7, 16, 18, 5, 23, 0, 13, 6, 10, 21, 1, }, {14, 19, 22, 9, 1, 11, 18, 17, 3, 6, 5, 21, }, {13, 14, 19, 20, 12, 5, 7, 3, 21, 1, 18, 6, }, {19, 15, 9, 4, 20, 11, 2, 23, 0, 16, 5, 12, }, {21, 3, 16, 15, 14, 17, 0, 1, 10, 22, 2, 7, }, {5, 15, 12, 2, 6, 8, 1, 3, 23, 10, 14, 21, }, {15, 0, 17, 2, 21, 1, 22, 10, 5, 4, 3, 12, }, {10, 20, 23, 16, 22, 1, 17, 11, 7, 15, 9, 8, }, {5, 20, 22, 12, 9, 15, 17, 2, 7, 0, 1, 10, }, }, 
{{22, 6, 18, 7, 15, 5, 21, 9, 1, 13, 11, 8, }, {2, 7, 16, 5, 18, 6, 1, 23, 15, 12, 17, 0, }, {7, 11, 5, 14, 1, 9, 6, 12, 2, 18, 0, 21, }, {13, 17, 19, 9, 22, 16, 7, 21, 12, 15, 23, 18, }, {5, 12, 2, 22, 10, 14, 21, 1, 6, 4, 0, 15, }, {10, 4, 12, 7, 5, 3, 1, 20, 17, 6, 19, 11, }, {13, 5, 19, 22, 18, 2, 0, 16, 9, 14, 1, 3, }, {22, 0, 11, 3, 12, 14, 21, 4, 1, 7, 8, 6, }, {1, 23, 3, 18, 10, 19, 0, 5, 17, 15, 16, 4, }, {16, 4, 13, 15, 18, 19, 17, 14, 20, 9, 10, 5, }, {12, 9, 8, 4, 13, 16, 3, 15, 10, 19, 1, 14, }, {17, 4, 13, 8, 14, 6, 5, 0, 7, 19, 16, 9, }, }, 
{{22, 4, 23, 2, 8, 5, 19, 0, 11, 9, 3, 12, }, {13, 18, 9, 20, 0, 1, 10, 5, 19, 7, 22, 3, }, {9, 6, 21, 0, 10, 17, 20, 16, 13, 23, 8, 4, }, {22, 19, 2, 1, 18, 10, 21, 0, 14, 12, 11, 17, }, {0, 16, 1, 2, 12, 9, 18, 21, 10, 14, 13, 22, }, {5, 20, 7, 15, 3, 21, 12, 0, 18, 8, 6, 9, }, {16, 7, 5, 11, 18, 3, 0, 1, 20, 19, 22, 12, }, {19, 17, 7, 10, 13, 6, 12, 1, 4, 21, 8, 22, }, {3, 15, 17, 8, 18, 6, 14, 23, 19, 16, 21, 12, }, {0, 9, 22, 21, 19, 10, 4, 7, 2, 8, 5, 11, }, {3, 4, 19, 2, 14, 6, 18, 20, 5, 11, 8, 7, }, {11, 14, 15, 10, 19, 22, 21, 2, 16, 4, 7, 17, }, }, 
}

P-box: 
{{1, 9, 3, 4, 10, 11, 2, 8, 0, 5, 7, 6, }, 
{1, 0, 6, 2, 10, 5, 3, 9, 8, 11, 4, 7, }, 
{1, 9, 2, 0, 5, 6, 3, 4, 10, 7, 8, 11, }, 
{4, 6, 9, 11, 0, 8, 7, 2, 1, 3, 5, 10, }, 
}