S-box:
{{{31, 13, 0, 12, 22, 30, 29, 21, 18, 9, 11, 10, 20, 27, 28, 5, }, {15, 19, 17, 18, 1, 20, 30, 6, 21, 22, 11, 24, 2, 9, 10, 26, }, {23, 24, 30, 21, 3, 13, 15, 5, 17, 22, 0, 27, 7, 11, 29, 18, }, {2, 16, 29, 12, 30, 0, 14, 22, 4, 9, 15, 31, 23, 11, 6, 8, }, {31, 28, 18, 21, 3, 17, 6, 8, 13, 30, 2, 7, 1, 15, 0, 5, }, {10, 27, 3, 31, 18, 9, 17, 6, 11, 24, 30, 8, 28, 16, 23, 22, }, {23, 12, 2, 1, 27, 4, 21, 7, 8, 11, 26, 22, 9, 30, 15, 16, }, {20, 28, 27, 19, 5, 9, 24, 6, 12, 17, 23, 25, 8, 11, 10, 21, }, {20, 9, 0, 12, 25, 17, 19, 3, 2, 22, 31, 16, 27, 23, 29, 1, }, {1, 17, 13, 25, 18, 26, 22, 6, 5, 2, 27, 9, 10, 3, 11, 7, }, {30, 19, 14, 8, 31, 20, 28, 0, 23, 4, 6, 12, 1, 7, 5, 22, }, {7, 0, 31, 13, 21, 6, 24, 30, 20, 16, 28, 27, 8, 29, 5, 15, }, {14, 17, 16, 26, 19, 18, 9, 21, 23, 0, 30, 11, 27, 20, 3, 1, }, {9, 20, 31, 0, 19, 23, 18, 22, 4, 5, 2, 29, 27, 1, 28, 13, }, {0, 18, 23, 5, 24, 13, 10, 14, 11, 7, 9, 12, 8, 15, 26, 6, }, {16, 3, 22, 19, 18, 20, 7, 30, 17, 0, 27, 12, 1, 31, 24, 14, }, }, 
{{14, 23, 26, 19, 5, 20, 10, 22, 21, 28, 8, 27, 29, 25, 4, 9, }, {14, 23, 31, 6, 3, 18, 30, 27, 0, 5, 12, 8, 13, 10, 15, 22, }, {10, 25, 3, 5, 24, 14, 22, 4, 11, 1, 27, 26, 18, 20, 16, 15, }, {24, 19, 8, 16, 31, 20, 26, 30, 13, 10, 22, 2, 21, 4, 14, 25, }, {0, 7, 2, 8, 17, 18, 28, 31, 13, 10, 21, 4, 22, 15, 23, 1, }, {1, 2, 20, 30, 29, 4, 19, 9, 24, 18, 21, 13, 5, 28, 27, 0, }, {23, 25, 17, 30, 16, 0, 2, 21, 4, 14, 9, 8, 22, 24, 29, 6, }, {1, 17, 27, 14, 25, 30, 2, 31, 4, 19, 24, 22, 8, 20, 21, 23, }, {15, 5, 31, 6, 30, 19, 2, 16, 28, 24, 22, 11, 26, 3, 17, 23, }, {22, 25, 15, 7, 0, 16, 30, 10, 19, 24, 18, 8, 2, 27, 9, 28, }, {31, 12, 5, 23, 7, 0, 11, 18, 24, 2, 9, 30, 20, 17, 3, 29, }, {11, 29, 13, 5, 22, 9, 28, 31, 17, 8, 27, 20, 26, 14, 16, 21, }, {9, 14, 11, 18, 4, 17, 26, 28, 12, 31, 30, 21, 5, 16, 19, 1, }, {30, 9, 7, 31, 0, 24, 12, 13, 14, 23, 29, 25, 6, 3, 28, 11, }, {0, 31, 24, 8, 19, 4, 26, 18, 16, 27, 15, 11, 28, 2, 29, 10, }, {1, 0, 3, 29, 8, 19, 9, 12, 13, 20, 30, 27, 17, 21, 31, 7, }, }, 
{{4, 18, 25, 8, 12, 20, 16, 26, 27, 23, 28, 10, 7, 24, 5, 21, }, {6, 19, 26, 3, 24, 27, 30, 22, 31, 25, 28, 9, 1, 16, 4, 8, }, {27, 4, 9, 8, 16, 30, 3, 7, 21, 17, 18, 0, 26, 24, 28, 5, }, {18, 17, 8, 13, 22, 31, 9, 29, 27, 16, 25, 20, 23, 1, 11, 12, }, {14, 31, 18, 15, 12, 11, 21, 16, 30, 7, 22, 13, 0, 8, 10, 1, }, {4, 26, 13, 31, 10, 2, 19, 25, 16, 8, 29, 14, 18, 28, 7, 24, }, {3, 7, 22, 12, 21, 13, 27, 26, 14, 15, 17, 23, 6, 20, 30, 1, }, {5, 29, 3, 13, 24, 14, 19, 16, 17, 20, 28, 27, 7, 25, 0, 12, }, {9, 13, 8, 10, 28, 0, 26, 25, 29, 1, 23, 3, 4, 6, 12, 19, }, {11, 6, 25, 23, 30, 26, 1, 14, 10, 8, 5, 20, 19, 31, 3, 17, }, {2, 15, 24, 16, 10, 18, 3, 28, 31, 12, 19, 22, 1, 17, 0, 25, }, {0, 15, 24, 4, 9, 1, 28, 20, 26, 29, 27, 30, 6, 23, 8, 10, }, {8, 13, 20, 22, 29, 27, 7, 23, 6, 30, 15, 11, 19, 1, 17, 26, }, {11, 25, 6, 8, 29, 21, 10, 5, 19, 13, 31, 3, 26, 28, 1, 24, }, {10, 1, 8, 30, 17, 11, 0, 7, 25, 14, 23, 21, 16, 18, 26, 22, }, {30, 4, 5, 9, 6, 0, 16, 26, 20, 22, 19, 2, 13, 28, 3, 27, }, }, 
{{29, 21, 30, 12, 13, 10, 1, 3, 31, 4, 6, 27, 25, 19, 17, 28, }, {12, 10, 5, 25, 2, 20, 14, 1, 11, 29, 9, 15, 27, 17, 31, 22, }, {1, 15, 25, 12, 4, 6, 11, 26, 0, 23, 17, 7, 30, 10, 3, 14, }, {30, 4, 5, 26, 7, 15, 8, 14, 22, 11, 28, 16, 10, 18, 20, 13, }, {1, 11, 13, 31, 9, 28, 24, 6, 18, 29, 0, 16, 27, 3, 20, 22, }, {23, 31, 17, 21, 16, 3, 22, 19, 15, 30, 18, 11, 5, 20, 28, 8, }, {29, 23, 25, 28, 14, 3, 19, 17, 21, 9, 4, 6, 5, 0, 11, 15, }, {3, 15, 5, 31, 13, 12, 17, 1, 28, 22, 27, 14, 9, 10, 6, 19, }, {7, 25, 16, 22, 11, 15, 19, 17, 6, 20, 26, 4, 31, 12, 23, 14, }, {18, 25, 29, 8, 20, 10, 0, 11, 13, 7, 27, 23, 3, 15, 4, 21, }, {14, 12, 31, 10, 0, 29, 8, 3, 2, 18, 30, 7, 27, 23, 13, 24, }, {1, 7, 24, 12, 17, 0, 26, 21, 25, 15, 3, 18, 13, 5, 22, 9, }, {16, 29, 13, 15, 25, 18, 14, 12, 4, 1, 26, 17, 27, 31, 24, 28, }, {5, 19, 10, 26, 31, 2, 29, 28, 3, 15, 27, 6, 8, 30, 9, 0, }, {25, 22, 18, 2, 3, 28, 23, 24, 8, 11, 31, 30, 19, 21, 14, 12, }, {4, 0, 30, 16, 14, 12, 2, 29, 17, 22, 1, 19, 20, 10, 11, 23, }, }, 
}

P-box: 
{{5, 11, 1, 9, 2, 13, 10, 6, 4, 3, 15, 12, 14, 7, 8, 0, }, 
{14, 6, 9, 10, 2, 4, 13, 1, 15, 0, 3, 11, 8, 12, 7, 5, }, 
{1, 15, 4, 10, 5, 9, 3, 14, 7, 6, 0, 2, 12, 8, 11, 13, }, 
{11, 7, 13, 8, 4, 15, 3, 9, 2, 6, 5, 12, 0, 14, 10, 1, }, 
}