cache_size assoc  num_runs  avg_success_rate  
---------------------------------------------
128B       1      10        1.0000            
128B       2      10        1.0000            
256B       1      10        1.0000            
256B       2      10        1.0000            
256B       4      10        1.0000            
512B       1      10        1.0000            
512B       2      10        0.9400            
512B       4      10        0.9700            
512B       8      10        1.0000            
1KiB       1      10        1.0000            
1KiB       2      10        0.7100            
1KiB       4      10        0.3700            
1KiB       8      10        0.0000            
2KiB       1      10        1.0000            
2KiB       2      10        0.4400            
2KiB       4      10        0.0000            
2KiB       8      10        0.0000            
4KiB       1      10        1.0000            
4KiB       2      10        0.1800            
4KiB       4      10        0.0000            
4KiB       8      10        0.0000            
8KiB       1      10        1.0000            
8KiB       2      10        0.0600            
8KiB       4      10        0.0000            
8KiB       8      10        0.0000            
16KiB      1      10        1.0000            
16KiB      2      10        0.0000            
16KiB      4      10        0.0000            
16KiB      8      10        0.0000            
32KiB      1      10        1.0000            
32KiB      2      10        0.0000            
32KiB      4      10        0.0000            
32KiB      8      10        0.0000            
64KiB      1      10        1.0000            
64KiB      2      10        0.0000            
64KiB      4      10        0.0000            
64KiB      8      10        0.0000            
128KiB     1      10        1.0000            
128KiB     2      10        0.0000            
128KiB     4      10        0.0000            
128KiB     8      10        0.0000            
