cache_size assoc  num_runs  avg_success_rate  
---------------------------------------------
128B       1      10        1.0000            
128B       2      10        1.0000            
256B       1      10        1.0000            
256B       2      10        1.0000            
256B       4      10        1.0000            
512B       1      10        1.0000            
512B       2      10        1.0000            
512B       4      10        1.0000            
512B       8      10        1.0000            
1KiB       1      10        1.0000            
1KiB       2      10        1.0000            
1KiB       4      10        1.0000            
1KiB       8      10        1.0000            
2KiB       1      10        1.0000            
2KiB       2      10        0.9990            
2KiB       4      10        1.0000            
2KiB       8      10        1.0000            
4KiB       1      10        1.0000            
4KiB       2      10        0.9500            
4KiB       4      10        0.9360            
4KiB       8      10        0.9400            
8KiB       1      10        0.9640            
8KiB       2      10        0.8170            
8KiB       4      10        0.6250            
8KiB       8      10        0.5030            
16KiB      1      10        0.9850            
16KiB      2      10        0.5590            
16KiB      4      10        0.1910            
16KiB      8      10        0.0340            
32KiB      1      10        0.9850            
32KiB      2      10        0.3190            
32KiB      4      10        0.0400            
32KiB      8      10        0.0000            
64KiB      1      10        0.9750            
64KiB      2      10        0.1670            
64KiB      4      10        0.0080            
64KiB      8      10        0.0000            
128KiB     1      10        0.9760            
128KiB     2      10        0.0850            
128KiB     4      10        0.0000            
128KiB     8      10        0.0000            
